camera_matrix:
- - 2172.2577547253377
  - 0.0
  - 467.55947433431754
- - 0.0
  - 9300.100748668496
  - 588.0716676595555
- - 0.0
  - 0.0
  - 1.0
dist_coeff:
- - -5.031827483635957
  - 0.2838742111724712
  - -0.10934683526649339
  - 0.35671887811097147
  - 50.64718642184771
